90 100
3 4
55 4
90 5
70 3
48 2
58 10
51 1
61 9
57 5
28 1
78 3
12 10
37 2
30 6
30 7
86 6
54 2
77 10
57 3
2 4
60 10
43 6
90 8
59 2
60 7
19 3
58 5
33 7
32 9
55 10
37 6
5 5
84 6
45 4
15 8
80 1
79 8
23 9
19 4
12 2
9 9
62 4
68 8
48 5
40 4
37 7
1 4
70 7
36 8
36 4
8 8
57 4
58 8
90 7
28 4
86 8
33 2
16 9
82 3
30 4
34 6
27 3
76 7
45 1
56 3
53 8
4 1
60 2
34 3
76 6
3 1
58 4
80 2
85 10
32 7
67 3
86 10
34 2
34 10
79 3
35 2
40 1
80 5
49 6
88 6
50 5
76 8
56 9
59 1
24 10
50 10
27 10
69 6
80 3
66 1
44 6
77 4
73 10
64 6
20 10
