2
50
31 744 19 0 9 0
103 88 8 0 15 0
438 699 15 0 9 0
307 815 16 0 8 0
49 717 15 0 9 0
94 263 19 0 9 0
797 46 18 0 10 0
841 708 17 0 10 0
307 815 16 0 8 0
409 234 10 0 18 0
977 161 19 0 10 0
684 142 16 0 10 0
8 688 18 0 8 0
136 212 15 0 9 0
989 465 18 0 9 0
149 103 17 0 9 0
132 104 17 0 8 0
2 46 17 0 16 0
197 533 18 0 8 0
341 931 15 0 10 0
863 204 19 0 9 0
607 824 18 0 10 0
261 855 16 0 10 0
427 401 18 0 9 0
402 737 19 0 10 0
197 533 18 0 8 0
251 912 8 0 15 0
43 462 9 0 17 0
682 214 18 0 10 0
820 780 17 0 8 0
884 903 15 0 9 0
443 495 17 0 10 0
757 171 19 0 9 0
405 20 19 0 8 0
317 500 17 0 10 0
190 607 19 0 8 0
149 103 17 0 9 0
419 383 17 0 10 0
438 593 18 0 9 0
557 380 18 0 10 0
661 850 17 0 10 0
617 464 16 0 8 0
70 530 15 0 8 0
557 380 18 0 10 0
439 565 15 0 8 0
606 718 17 0 9 0
588 69 19 0 10 0
448 989 19 0 9 0
419 383 17 0 10 0
761 14 10 0 19 0
