23 26
-451 581 328 -338 110 -176 979 610 310 987 76 -998 428 -580 12 -60 142 875 409 715 820 440 69
599 -28 -912 47 546 171 537 850 193 252 836 760 709 759 403 -288 652 -678 820 -742 950 628 699
929 7 -126 853 983 929 968 586 306 -885 746 113 650 585 483 102 311 885 393 343 458 -518 771
-539 575 949 1 226 45 358 -698 814 839 -742 -962 758 348 147 771 847 329 24 493 625 979 708
518 933 -135 25 22 577 598 22 -855 122 582 821 552 806 288 -604 469 588 605 710 45 -314 932
876 189 -10 -129 -584 -791 297 587 -546 360 940 436 306 784 512 858 976 221 187 -547 86 102 658
-275 -566 278 182 594 853 274 747 664 121 -679 362 195 633 -660 480 528 229 593 537 829 -922 828
623 -417 638 -576 273 212 62 -922 383 307 628 -956 260 671 615 43 780 970 -387 202 690 519 740
623 22 353 388 301 -635 -430 -566 798 885 953 761 131 416 817 568 783 81 -188 668 839 -982 -200
-940 250 638 779 682 216 283 590 974 701 275 116 156 67 647 855 -432 841 771 642 -603 593 154
101 921 957 -350 1 -69 7 10 -48 269 291 47 517 510 680 925 -398 -902 415 -86 369 161 977
484 217 212 604 258 162 919 173 -523 -306 -940 216 291 207 712 55 508 579 548 63 229 114 -877
53 906 434 -592 787 806 -165 535 614 -558 133 100 234 -818 -692 964 579 62 172 944 831 -503 451
-976 556 138 659 219 962 911 -996 290 -294 11 -689 614 -338 -284 -57 -910 -62 783 -717 -790 376 428
909 496 20 806 937 751 7 85 7 7 596 60 652 226 884 -317 92 754 862 -528 651 -36 90
871 -97 415 -904 569 586 474 178 560 -990 769 205 293 344 680 716 638 419 394 -12 938 -424 -12
227 -171 8 -7 -7 244 312 425 -564 -1 838 -1 226 829 854 847 285 191 614 539 343 -560 632
-547 -28 261 250 -809 135 933 341 -520 886 698 135 -359 -315 447 162 851 782 266 333 841 -610 975
136 101 845 7 959 63 -143 144 541 673 782 553 548 0 801 708 268 193 258 622 437 12 -618
923 191 -882 266 -274 135 523 141 -919 548 930 503 -346 701 97 -814 83 312 -876 -750 614 117 957
344 425 569 976 -240 168 664 740 84 959 889 585 36 789 296 860 404 74 704 -527 -407 319 19
-895 65 913 -685 -473 203 44 259 -952 597 746 110 311 227 62 -242 48 672 -342 246 530 -614 659
370 -482 480 351 721 586 203 689 590 214 104 672 899 283 -912 943 777 234 894 832 -256 -142 -117
0x+5=5
1973x+845=1442
0x+3=50
552x+792=1633
1615x+1180=726
0x^2+4x+4=0
1105x^2+1147x+233=2966
728x^2+11x+2570=2584
433x^2+859x+3630=3123
351x^2+240x+3637=3272
1723x^2+229x+750=347
813x^2+1168x+3493=2708
1180x^2+378x+8=1436
1564x^2+341x+3717=69
1x^2+0x+2=3
1x+2=9
1x^2+2x+2=1
1x+3=9
1x+3=8
2x+3=5
393x+987=3823
2153x+286=3127
2059x^2+1189x+2728=3029
2145x^2+594x+1683=4822
72x^2+448x+100=2776
39x^2+900x+2818=2036
