3
16 200
44
1 2
1 9
1 12
2 5
2 7
2 16
3 9
3 11
4 4
4 13
5 2
5 7
5 9
5 11
5 15
6 5
7 3
7 9
7 15
8 1
8 5
8 7
8 12
9 10
9 14
10 4
10 7
10 16
11 2
11 11
12 9
12 13
12 16
13 5
13 11
14 2
14 7
14 9
14 14
14 16
15 11
16 4
16 6
16 14
88
1 3
1 4
1 5
1 13
1 14
1 16
2 3
2 6
2 9
3 1
3 3
3 5
3 6
3 8
3 13
3 16
4 1
4 12
5 1
5 4
5 6
5 14
6 1
6 3
6 8
6 9
6 12
6 14
6 15
7 6
7 8
7 11
7 12
7 14
7 16
8 2
8 14
9 3
9 8
9 12
9 16
10 3
10 6
10 8
10 11
10 12
10 13
11 1
11 3
11 4
11 6
11 7
11 10
11 13
11 14
12 1
12 3
12 5
12 11
12 12
12 14
12 15
13 1
13 4
13 6
13 7
13 8
13 12
13 14
13 16
14 3
14 6
14 10
14 12
14 15
15 2
15 5
15 6
15 7
15 12
15 13
15 15
16 2
16 10
16 11
16 12
16 15
16 16
