150
1 9
4 13
10 7
6 14
14 12
3 14
12 8
5 0
2 5
3 2
17 7
2 0
1 6
9 9
10 9
3 10
8 5
1 9
13 13
9 4
15 11
16 15
9 2
8 3
15 3
13 13
17 16
11 6
5 4
14 0
7 1
12 0
1 15
5 4
10 11
14 11
8 3
13 7
8 15
13 1
10 6
13 9
10 5
3 3
7 13
9 16
13 5
3 10
9 1
12 8
3 15
3 14
12 4
7 1
16 11
3 14
14 9
4 2
14 7
3 8
12 6
5 9
12 12
12 7
3 6
14 0
9 10
7 1
16 15
10 5
8 6
14 5
8 4
17 4
13 9
4 12
14 6
9 14
1 16
10 0
9 3
14 10
11 3
14 2
2 12
6 15
5 5
3 12
14 11
10 12
5 2
1 0
14 13
4 1
10 0
2 7
13 11
9 1
8 3
12 4
8 3
10 8
11 2
9 15
12 15
4 5
3 16
8 16
2 10
2 7
16 0
15 4
4 12
7 3
11 9
8 7
10 10
15 13
11 11
10 6
4 12
10 14
4 3
10 11
10 5
9 1
13 10
11 11
14 2
10 14
15 10
12 0
11 15
6 9
6 2
2 14
14 12
3 5
2 1
11 13
9 7
7 4
8 8
3 5
13 5
14 15
15 11
5 15
3 1
13 8
