1317
46 96
47 96
48 96
49 96
50 96
-98 5
-97 5
51 96
52 96
53 96
54 96
55 96
-100 5
-99 5
-96 5
-95 5
-94 5
-93 5
-92 5
-91 5
-90 5
-89 5
-88 5
-87 5
-86 5
-81 5
-80 5
-79 5
-78 5
-77 5
-76 5
-75 5
-74 5
-73 5
-72 5
-71 5
-70 5
-69 5
-68 5
-67 5
-66 5
-65 5
-64 5
-63 5
-62 5
-61 5
-60 5
-59 5
-58 5
-57 5
-85 5
-84 5
-83 5
-82 5
-56 5
-55 5
-54 5
-53 5
-52 5
-51 5
-50 5
-49 5
-48 5
-47 5
-46 5
-45 5
-44 5
-43 5
-39 5
-38 5
-37 5
-36 5
-35 5
-34 5
-42 5
-41 5
-40 5
-33 5
-32 5
-31 5
-4 -4
-4 100
-4 99
-4 98
-4 97
-4 96
-4 95
-4 94
-4 93
-4 92
-4 91
-4 90
-4 89
-4 88
-4 87
-4 86
-30 5
-29 5
-28 5
-27 5
-26 5
-25 5
-24 5
-23 5
-22 5
-21 5
-20 5
-19 5
-18 5
-17 5
-16 5
-15 5
-14 5
-13 5
-12 5
5 94
5 93
5 92
5 91
5 90
5 89
5 88
5 87
5 86
5 85
5 84
5 83
5 82
5 81
5 80
5 79
5 78
5 77
5 76
5 75
5 74
5 73
5 72
5 71
5 70
5 69
5 68
5 67
5 66
5 65
5 64
5 63
5 62
5 61
5 60
5 59
5 58
5 57
5 56
5 55
5 54
5 53
5 52
5 51
5 50
5 49
5 48
5 47
5 46
5 45
5 44
5 43
5 42
5 41
5 40
5 39
5 38
5 37
5 36
5 35
5 34
5 33
5 32
5 31
5 30
5 29
5 28
5 27
5 26
5 25
5 24
5 23
5 22
5 21
5 20
5 19
5 18
5 17
5 16
5 15
5 14
5 13
5 12
5 11
5 10
5 9
5 8
5 7
5 6
5 5
-100 100
-99 99
-98 98
-97 97
-96 96
-95 95
-94 94
-93 93
-92 92
-91 91
-90 90
-89 89
-88 88
-87 87
-86 86
-85 85
-84 84
-83 83
-82 82
-81 81
-80 80
-79 79
-78 78
-77 77
-76 76
-75 75
-74 74
-73 73
-72 72
-71 71
-70 70
-69 69
-68 68
-67 67
-66 66
-65 65
-64 64
-63 63
-62 62
-61 61
-60 60
-59 59
-58 58
-57 57
-56 56
-55 55
-54 54
-53 53
-52 52
-51 51
-50 50
-49 49
-48 48
-47 47
-46 46
-45 45
-44 44
-43 43
-42 42
-41 41
-40 40
-39 39
-38 38
-37 37
-36 36
-35 35
-34 34
-33 33
-32 32
-31 31
-30 30
-29 29
-28 28
-27 27
-26 26
-25 25
-24 24
-23 23
-22 22
-21 21
-20 20
-19 19
-18 18
-17 17
-16 16
-15 15
-14 14
-13 13
-12 12
-11 11
-10 10
-9 9
-8 8
-7 7
-6 6
-5 5
-100 -4
-99 -4
-98 -4
-97 -4
-96 -4
-95 -4
-94 -4
-93 -4
-92 -4
-91 -4
-90 -4
-89 -4
-88 -4
-87 -4
-86 -4
-85 -4
-84 -4
-83 -4
-82 -4
-81 -4
-80 -4
-79 -4
-78 -4
-77 -4
-76 -4
-75 -4
-74 -4
-73 -4
-72 -4
-71 -4
-70 -4
-69 -4
-68 -4
-67 -4
-66 -4
-65 -4
-64 -4
-63 -4
-62 -4
-61 -4
-60 -4
-59 -4
-58 -4
-57 -4
-56 -4
-55 -4
-54 -4
-53 -4
-52 -4
-51 -4
-50 -4
-49 -4
-48 -4
-47 -4
-46 -4
-45 -4
-44 -4
-43 -4
-42 -4
-41 -4
-40 -4
-39 -4
-38 -4
-37 -4
-36 -4
-35 -4
-34 -4
-33 -4
-32 -4
-31 -4
-30 -4
-29 -4
-28 -4
-27 -4
-26 -4
-25 -4
-24 -4
-23 -4
-22 -4
-21 -4
-20 -4
-19 -4
-18 -4
-17 -4
-11 5
-10 5
-9 5
-8 5
-7 5
-6 5
-5 5
-4 5
-3 5
-2 5
-1 5
0 5
1 5
2 5
3 5
4 5
5 5
5 100
5 99
5 98
5 97
5 96
5 95
-16 -4
-15 -4
-14 -4
-13 -4
-12 -4
-11 -4
-10 -4
-9 -4
-8 -4
-7 -4
-6 -4
-5 -4
-4 85
-4 84
-4 83
-4 82
-4 81
-4 80
-4 79
-4 78
-4 77
-4 76
-4 75
-4 74
-4 73
-4 72
-4 71
-4 70
-4 69
-4 68
-4 67
-4 66
-4 65
-4 64
-4 63
-4 62
-4 61
-4 60
-4 59
-4 58
-4 57
-4 56
-4 55
-4 54
-4 53
-4 52
-4 51
-4 50
-4 49
-4 48
-4 47
-4 46
-4 45
-4 44
-4 43
-4 42
-4 41
-4 40
-4 39
-4 38
-4 37
-4 36
-4 35
-4 34
-4 33
-4 32
-4 31
-4 30
-4 29
-4 28
-4 27
-4 26
-4 25
-4 24
-4 23
-4 22
-4 21
-4 20
-4 19
-4 18
-4 17
-4 16
-4 15
-4 14
-4 13
-4 12
-4 11
-4 10
-4 9
-4 8
-4 7
-4 6
-4 5
-4 4
-4 3
-4 2
-4 1
-4 0
-4 -1
-4 -2
-4 -3
-4 -4
-100 100
-99 99
-98 98
-97 97
-96 96
-95 95
-94 94
-93 93
-92 92
-91 91
-90 90
-89 89
-88 88
-87 87
-86 86
-85 85
-84 84
-83 83
-82 82
-81 81
-80 80
-79 79
-78 78
-77 77
-76 76
-75 75
-74 74
-73 73
-72 72
-71 71
-70 70
-69 69
-68 68
-67 67
-66 66
-65 65
-64 64
-63 63
-62 62
-61 61
-60 60
-59 59
-58 58
-57 57
-56 56
-55 55
-54 54
-53 53
-52 52
-51 51
-50 50
-49 49
-48 48
-47 47
-46 46
-45 45
-44 44
-43 43
-42 42
-41 41
-40 40
-39 39
-38 38
-37 37
-36 36
-35 35
-34 34
-33 33
-32 32
-31 31
-30 30
-29 29
-28 28
-27 27
-26 26
-25 25
-24 24
-23 23
-22 22
-21 21
-20 20
-19 19
-18 18
-17 17
-16 16
-15 15
-14 14
-13 13
-12 12
-11 11
-10 10
-9 9
-8 8
-7 7
-6 6
-5 5
-4 4
-100 -15
-99 -15
-98 -15
-97 -15
-96 -15
-95 -15
-94 -15
-93 -15
-92 -15
-91 -15
-90 -15
-89 -15
-88 -15
-87 -15
-86 -15
-85 -15
-84 -15
-83 -15
-82 -15
-81 -15
-80 -15
-79 -15
-78 -15
-77 -15
-76 -15
-75 -15
-74 -15
-73 -15
-72 -15
-71 -15
-70 -15
-69 -15
-68 -15
-67 -15
-66 -15
-65 -15
-64 -15
-63 -15
-62 -15
-61 -15
-60 -15
-59 -15
-58 -15
-57 -15
-56 -15
-55 -15
-54 -15
-53 -15
-52 -15
-51 -15
-50 -15
-49 -15
-48 -15
-47 -15
-46 -15
-45 -15
-44 -15
-43 -15
-42 -15
-41 -15
-40 -15
-39 -15
-38 -15
-37 -15
-36 -15
-35 -15
-34 -15
-33 -15
-32 -15
-31 -15
-30 -15
-29 -15
-28 -15
-27 -15
-26 -15
-25 -15
-24 -15
-23 -15
-22 -15
-21 -15
-20 -15
-19 -15
-18 -15
-17 -15
-16 -15
-15 -15
-15 100
-15 99
-15 98
-15 97
-15 96
-15 95
-15 94
-15 93
-15 92
-15 91
-15 90
-15 89
-15 88
-15 87
-15 86
-15 85
-15 84
-15 83
-15 82
-15 81
-15 80
-15 79
-15 78
-15 77
-15 76
-15 75
-15 74
-15 73
-15 72
-15 71
-15 70
-15 69
-15 68
-15 67
-15 66
-15 65
-15 64
-15 63
-15 62
-15 61
-15 60
-15 59
-15 58
-15 57
-15 56
-15 55
-15 54
-15 53
-15 52
-15 51
-15 50
-15 49
-15 48
-15 47
-15 46
-15 45
-15 44
-15 43
-15 42
-15 41
-15 40
-15 39
-15 38
-15 37
-15 36
-15 35
-15 34
-15 33
-15 32
-15 31
-15 30
-15 29
-15 28
-15 27
-15 26
-15 25
-15 24
-15 23
-15 22
-15 21
-15 20
-15 10
-15 9
-15 8
-15 7
-15 6
-15 5
-15 4
-15 3
-15 2
-15 1
-15 0
-15 -1
-15 -2
-15 -3
-15 -4
-15 -5
-15 -6
-15 -7
-15 -8
-15 -9
-15 -10
-15 -11
-15 -12
-15 -13
-15 -14
-15 -15
-100 100
-99 99
-98 98
-97 97
-96 96
-95 95
-94 94
-93 93
-92 92
-91 91
-90 90
-89 89
-88 88
-87 87
-86 86
-85 85
-84 84
-83 83
-82 82
-81 81
-80 80
-79 79
-78 78
-77 77
-76 76
-75 75
-74 74
-73 73
-72 72
-71 71
-70 70
-69 69
-68 68
-67 67
-66 66
-65 65
-64 64
-63 63
-62 62
-61 61
-60 60
-59 59
-58 58
-57 57
-56 56
-55 55
-54 54
-53 53
-52 52
-51 51
-50 50
-49 49
-48 48
-47 47
-46 46
-45 45
-44 44
-43 43
-42 42
-41 41
-40 40
-39 39
-38 38
-37 37
-36 36
-35 35
-34 34
-33 33
-32 32
-31 31
-30 30
-29 29
-28 28
-27 27
-26 26
-25 25
-24 24
-23 23
-22 22
-21 21
-20 20
-19 19
-18 18
-17 17
-16 16
-15 15
-100 78
-99 78
-98 78
-97 78
-96 78
-95 78
-94 78
-93 78
-92 78
-91 78
-90 78
-89 78
-88 78
-87 78
-86 78
-85 78
-84 78
-83 78
-82 78
-81 78
-80 78
-79 78
-78 78
-77 78
-76 78
-75 78
-74 78
-73 78
-72 78
-71 78
-70 78
-69 78
-68 78
-67 78
-66 78
-65 78
-64 78
-63 78
-62 78
-61 78
-60 78
-59 78
-58 78
-57 78
-56 78
-55 78
-54 78
-53 78
-52 78
-51 78
-50 78
-49 78
-48 78
-38 78
-37 78
-36 78
-35 78
-34 78
-33 78
-32 78
-31 78
-30 78
-29 78
-28 78
-27 78
-26 78
-25 78
-24 78
-23 78
-22 78
-21 78
-20 78
-19 78
-18 78
-17 78
-16 78
-15 78
-14 78
-13 78
-12 78
-11 78
-10 78
-9 78
-8 78
-7 78
-6 78
-5 78
-4 78
-3 78
-2 78
-1 78
0 78
1 78
2 78
3 78
4 78
5 78
6 78
7 78
8 78
9 78
10 78
11 78
12 78
13 78
14 78
15 78
16 78
17 78
18 78
19 78
20 78
21 78
22 78
23 78
24 78
25 78
26 78
27 78
28 78
29 78
30 78
31 78
32 78
33 78
34 78
35 78
36 78
37 78
38 78
39 78
40 78
41 78
42 78
43 78
44 78
45 78
46 78
47 78
48 78
49 78
50 78
51 78
52 78
53 78
54 78
55 78
56 78
57 78
58 78
59 78
60 78
61 78
62 78
63 78
64 78
65 78
66 78
67 78
68 78
69 78
70 78
71 78
72 78
73 78
74 78
75 78
76 78
77 78
78 78
78 100
78 99
78 98
78 97
78 96
78 95
78 94
78 93
78 92
78 91
78 90
78 89
78 88
78 87
78 86
78 85
78 84
78 83
78 82
-91 91
-90 90
-89 89
-88 88
-87 87
-86 86
-85 85
-84 84
-83 83
-82 82
-81 81
-80 80
-79 79
-78 78
-100 96
-99 96
-98 96
-97 96
-96 96
-95 96
-94 96
-93 96
-92 96
-91 96
-90 96
-89 96
-88 96
-87 96
-86 96
-85 96
-84 96
-83 96
-82 96
-81 96
-80 96
-79 96
-78 96
-77 96
-76 96
-75 96
-74 96
-73 96
-72 96
-71 96
-70 96
-69 96
-68 96
-67 96
-66 96
-65 96
-64 96
-63 96
-62 96
-61 96
-60 96
-59 96
-58 96
-57 96
-56 96
-55 96
-54 96
-53 96
-52 96
-51 96
-50 96
-49 96
-48 96
-47 96
-46 96
-45 96
-44 96
-43 96
-42 96
-41 96
-40 96
-39 96
-38 96
-37 96
-36 96
-35 96
-34 96
-33 96
-32 96
-31 96
-30 96
-29 96
-28 96
-27 96
-26 96
-25 96
-24 96
-23 96
-22 96
-21 96
-20 96
-19 96
-18 96
-17 96
-16 96
-15 96
-14 96
-13 96
-12 96
-11 96
-10 96
-9 96
-8 96
-7 96
-6 96
-5 96
-4 96
-3 96
-2 96
-1 96
0 96
1 96
2 96
3 96
4 96
5 96
6 96
7 96
8 96
9 96
10 96
11 96
12 96
13 96
14 96
15 96
16 96
17 96
18 96
19 96
20 96
21 96
22 96
23 96
24 96
25 96
26 96
27 96
28 96
29 96
30 96
31 96
32 96
33 96
34 96
-15 19
-15 18
-15 17
-15 16
-15 15
-15 14
-15 13
-15 12
-15 11
35 96
36 96
37 96
38 96
39 96
40 96
41 96
42 96
43 96
44 96
45 96
56 96
57 96
58 96
59 96
60 96
61 96
62 96
63 96
64 96
65 96
66 96
67 96
68 96
69 96
70 96
71 96
72 96
73 96
74 96
75 96
76 96
77 96
78 96
79 96
80 96
81 96
82 96
83 96
84 96
85 96
86 96
87 96
88 96
89 96
90 96
91 96
92 96
93 96
94 96
95 96
96 96
96 100
96 99
96 98
96 97
96 96
-100 100
-99 99
-98 98
-97 97
-96 96
-47 78
-46 78
-45 78
-44 78
-43 78
-42 78
-41 78
-40 78
-39 78
78 81
78 80
78 79
78 78
-100 100
-99 99
-98 98
-97 97
-96 96
-95 95
-94 94
-93 93
-92 92