500
89 29 89 29
169 167 169 167
140 3 140 3
167 27 167 27
60 146 60 146
90 201 90 201
65 204 65 204
61 27 61 27
210 42 210 42
228 27 228 27
228 163 228 163
200 119 200 119
36 220 36 220
60 28 60 28
77 170 77 170
136 231 136 231
46 115 46 115
215 138 215 138
81 240 81 240
12 86 12 86
245 65 245 65
233 90 233 90
37 232 37 232
101 94 101 94
177 64 177 64
225 180 225 180
86 69 86 69
126 133 126 133
170 105 170 105
57 171 57 171
47 230 47 230
207 41 207 41
247 144 247 144
185 121 185 121
71 160 71 160
166 248 166 248
155 141 155 141
135 95 135 95
158 65 158 65
238 52 238 52
163 61 163 61
78 111 78 111
199 225 199 225
214 90 214 90
236 219 236 219
86 47 86 47
23 165 23 165
216 228 216 228
162 20 162 20
174 88 174 88
69 146 69 146
52 245 52 245
60 164 60 164
6 196 6 196
60 233 60 233
233 227 233 227
53 8 53 8
58 167 58 167
92 105 92 105
181 242 181 242
181 51 181 51
160 105 160 105
198 23 198 23
203 165 203 165
224 7 224 7
160 183 160 183
172 49 172 49
146 68 146 68
218 157 218 157
243 157 243 157
244 150 244 150
94 64 94 64
200 204 200 204
58 220 58 220
154 42 154 42
62 65 62 65
213 53 213 53
190 188 190 188
238 248 238 248
183 111 183 111
98 27 98 27
128 47 128 47
110 244 110 244
210 20 210 20
3 49 3 49
79 243 79 243
228 246 228 246
130 115 130 115
124 152 124 152
110 148 110 148
247 39 247 39
178 240 178 240
183 212 183 212
96 236 96 236
202 94 202 94
120 31 120 31
154 8 154 8
180 69 180 69
181 157 181 157
184 183 184 183
141 250 141 250
122 218 122 218
22 41 22 41
46 186 46 186
15 178 15 178
151 224 151 224
195 196 195 196
35 243 35 243
130 228 130 228
229 57 229 57
244 70 244 70
141 6 141 6
69 147 69 147
133 62 133 62
240 208 240 208
226 118 226 118
193 147 193 147
198 206 198 206
195 26 195 26
39 87 39 87
95 231 95 231
90 191 90 191
166 132 166 132
250 164 250 164
103 237 103 237
199 176 199 176
188 37 188 37
86 243 86 243
117 247 117 247
81 65 81 65
154 145 154 145
216 103 216 103
8 59 8 59
93 95 93 95
113 71 113 71
66 122 66 122
122 93 122 93
94 205 94 205
135 11 135 11
144 72 144 72
227 99 227 99
140 164 140 164
160 123 160 123
98 174 98 174
74 175 74 175
74 1 74 1
144 133 144 133
200 88 200 88
210 118 210 118
172 71 172 71
243 9 243 9
129 114 129 114
43 209 43 209
154 12 154 12
229 187 229 187
63 242 63 242
90 250 90 250
113 95 113 95
132 182 132 182
39 27 198 120
167 33 167 33
229 203 229 203
63 52 63 52
92 158 92 158
28 207 28 207
45 211 45 211
237 133 237 133
136 142 136 142
15 17 15 17
187 122 187 122
179 150 179 150
51 45 51 45
187 130 187 130
235 226 235 226
18 31 18 31
54 225 54 225
14 175 14 175
244 110 244 110
128 32 128 32
249 106 249 106
76 21 76 21
209 163 209 163
209 194 209 194
150 61 150 61
21 202 21 202
246 199 246 199
210 54 210 54
138 142 138 142
222 241 222 241
53 47 53 47
59 209 59 209
4 108 4 108
38 22 38 22
211 209 211 209
229 231 229 231
147 42 147 42
155 129 155 129
40 202 40 202
136 127 136 127
225 18 225 18
224 159 224 159
222 180 222 180
139 177 139 177
190 37 190 37
75 101 75 101
158 125 158 125
146 36 146 36
76 188 76 188
250 82 250 82
15 195 15 195
84 91 84 91
131 122 131 122
122 223 122 223
223 104 223 104
219 186 219 186
25 23 25 23
88 122 88 122
54 39 54 39
143 205 143 205
68 175 68 175
151 216 151 216
160 102 160 102
110 113 110 113
97 86 97 86
68 120 68 120
134 95 134 95
249 239 249 239
145 111 145 111
34 78 34 78
19 74 19 74
106 15 106 15
101 248 101 248
150 233 150 233
95 48 95 48
3 162 3 162
118 47 118 47
32 106 32 106
42 206 42 206
111 217 111 217
248 73 248 73
126 41 126 41
189 236 189 236
44 249 44 249
210 178 210 178
136 199 136 199
47 116 47 116
130 97 130 97
176 145 176 145
90 196 90 196
73 99 73 99
145 190 145 190
195 139 195 139
94 248 94 248
51 52 51 52
215 245 215 245
226 21 226 21
231 196 231 196
238 228 238 228
248 102 248 102
143 5 143 5
173 111 173 111
65 16 65 16
168 183 168 183
70 2 70 2
230 199 230 199
32 108 32 108
242 73 242 73
28 191 28 191
23 143 23 143
16 105 16 105
62 122 62 122
183 56 183 56
94 110 94 110
102 103 102 103
193 41 193 41
99 216 99 216
81 228 81 228
140 221 140 221
135 123 135 123
38 109 38 109
158 5 158 5
6 72 6 72
35 120 35 120
96 113 96 113
24 67 24 67
95 194 95 194
182 138 182 138
156 73 156 73
157 132 157 132
159 58 159 58
155 24 155 24
200 86 200 86
135 236 135 236
237 187 237 187
207 229 207 229
215 154 215 154
191 29 191 29
70 89 70 89
117 20 117 20
124 137 124 137
219 215 219 215
6 23 6 23
228 93 228 93
203 130 203 130
162 180 162 180
162 116 162 116
26 181 26 181
65 25 65 25
229 218 229 218
137 185 137 185
178 32 178 32
20 81 20 81
108 162 108 162
68 116 68 116
95 123 95 123
94 167 94 167
67 169 67 169
187 43 187 43
161 22 161 22
75 226 75 226
147 146 147 146
52 147 52 147
233 123 233 123
3 199 3 199
26 74 26 74
67 170 67 170
28 138 28 138
198 120 39 27
90 242 90 242
19 6 19 6
121 102 121 102
182 79 182 79
194 50 194 50
70 35 70 35
184 168 184 168
67 212 67 212
169 16 169 16
201 207 201 207
77 241 77 241
174 106 174 106
34 60 34 60
106 199 106 199
82 104 82 104
205 18 205 18
130 102 130 102
45 201 45 201
83 231 83 231
156 145 156 145
123 81 123 81
68 189 68 189
84 238 84 238
124 48 124 48
237 241 237 241
223 144 223 144
102 73 102 73
139 4 139 4
233 22 233 22
67 68 67 68
170 212 170 212
105 19 105 19
105 86 105 86
220 82 220 82
155 104 155 104
57 145 57 145
5 153 5 153
189 4 189 4
101 84 101 84
93 83 93 83
197 182 197 182
152 31 152 31
43 134 43 134
248 210 248 210
128 53 128 53
232 14 232 14
106 113 106 113
34 69 34 69
217 70 217 70
139 81 139 81
116 229 116 229
120 106 120 106
230 236 230 236
64 170 64 170
168 72 168 72
56 20 56 20
27 14 27 14
128 38 128 38
187 156 187 156
183 165 183 165
140 144 140 144
126 123 126 123
165 20 165 20
198 103 198 103
135 27 135 27
93 164 93 164
32 100 32 100
138 76 138 76
165 102 165 102
109 164 109 164
184 95 184 95
235 213 235 213
128 181 128 181
222 215 222 215
122 30 122 30
105 74 105 74
120 179 120 179
197 175 197 175
13 112 13 112
218 184 218 184
212 77 212 77
223 38 223 38
89 230 89 230
119 42 119 42
221 8 221 8
51 84 51 84
137 70 137 70
148 127 148 127
87 86 87 86
111 11 111 11
218 218 218 218
94 203 94 203
88 249 88 249
217 233 217 233
27 243 27 243
83 212 83 212
117 201 117 201
105 21 105 21
202 158 202 158
83 105 83 105
105 248 105 248
104 13 104 13
137 21 137 21
228 162 228 162
242 222 242 222
177 250 177 250
114 59 114 59
188 63 188 63
105 47 105 47
51 62 51 62
60 23 60 23
152 55 152 55
82 61 82 61
233 56 233 56
83 38 83 38
26 39 26 39
212 158 212 158
206 54 206 54
149 174 149 174
22 147 22 147
194 108 194 108
6 106 6 106
27 8 27 8
203 20 203 20
112 119 112 119
109 165 109 165
247 180 247 180
129 99 129 99
219 210 219 210
4 71 4 71
108 21 108 21
23 38 23 38
199 164 199 164
107 136 107 136
52 220 52 220
249 195 249 195
170 211 170 211
149 109 149 109
96 2 96 2
20 89 20 89
153 21 153 21
12 199 12 199
189 127 189 127
129 111 129 111
239 83 239 83
63 15 63 15
75 9 75 9
36 158 36 158
51 121 51 121
90 184 90 184
94 231 94 231
124 142 124 142
29 165 29 165
52 203 52 203
4 107 4 107
206 85 206 85
81 221 81 221
7 127 7 127
204 244 204 244
35 148 35 148
205 15 205 15
99 221 99 221
13 110 13 110
77 79 77 79
145 224 145 224
192 168 192 168
178 79 178 79
122 36 122 36
104 234 104 234
72 41 72 41
180 228 180 228
116 223 116 223
