10
10 10
1 4
2 10
2 5
2 2
2 1
8 3
4 6
4 4
4 3
11 2
4 4
5 4
9 2
4 4
5 4
10 2
1 1
2 1
15 4
1 5
4 5
5 5
6 5
8 2
4 5
4 3
1 2
7 7
7 6
3 3
1 4
1 1
2 1
14 4
1 4
3 4
4 4
5 4
10 10
11 3
2 5
4 5
4 3
11 3
1 2
2 2
3 2
3 3
1 3
1 1
2 1
18 3
4 6
6 6
7 6
1 2
8 9
8 7
18 2
1 1
2 1
17 4
1 4
3 4
4 4
5 4
4 4
4 10
4 6
4 4
4 3
1 2
4 4
4 3
4 3
7 9
7 7
7 6
10 10
13 3
8 10
8 8
8 7
13 2
8 9
8 7
17 4
3 6
5 6
6 6
7 6
15 5
1 9
6 9
8 9
9 9
9 8
3 3
5 10
5 6
5 4
13 2
8 9
8 7
19 2
8 8
9 8
11 3
3 5
5 5
6 5
20 4
1 7
5 7
7 7
8 7
14 4
3 7
6 7
7 7
8 7
10 10
19 2
1 1
2 1
2 2
1 2
1 0
16 2
3 3
4 3
2 2
2 3
2 1
15 3
8 10
8 8
8 7
6 2
6 7
6 5
15 4
2 7
5 7
5 5
6 5
7 3
7 9
7 7
7 6
11 2
2 2
3 2
8 3
1 3
3 3
4 3
10 10
12 2
3 3
4 3
13 4
3 8
6 8
8 8
8 7
13 3
3 4
4 4
5 4
2 2
5 6
5 4
1 3
1 4
1 1
1 0
5 4
1 9
1 4
3 4
3 2
10 3
1 2
2 2
3 2
10 4
3 9
7 9
7 7
7 6
1 2
1 2
1 0
6 3
3 6
3 3
4 3
10 10
9 3
3 4
4 4
4 3
14 2
4 4
5 4
15 3
3 5
5 5
6 5
5 2
6 6
6 5
5 3
2 7
2 3
2 1
10 3
4 5
5 5
5 4
11 4
3 6
5 6
6 6
6 5
2 3
2 7
2 3
2 1
11 3
3 4
4 4
5 4
19 3
2 3
3 3
4 3
10 10
2 2
1 1
2 1
12 3
3 6
5 6
5 4
5 3
1 4
3 4
3 2
7 4
1 7
5 7
5 5
5 4
18 4
5 9
8 9
9 9
9 8
14 3
1 2
2 2
3 2
9 3
4 7
4 4
5 4
8 3
4 7
4 4
5 4
12 3
1 3
3 3
4 3
10 3
4 5
5 5
5 4
10 10
17 5
1 8
5 8
7 8
8 8
9 8
20 3
1 2
2 2
3 2
3 3
5 7
5 5
5 4
16 4
3 10
7 10
9 10
9 8
2 3
1 2
2 2
2 1
2 2
10 10
11 10
7 4
3 8
3 4
4 4
5 4
13 3
6 8
8 8
9 8
18 3
4 5
5 5
6 5
15 3
2 4
4 4
5 4
10 10
15 3
1 2
2 2
3 2
1 3
2 6
2 3
2 1
3 4
5 9
8 9
9 9
9 8
1 3
6 9
6 6
6 5
1 2
1 1
2 1
8 4
2 5
4 5
5 5
5 4
10 2
9 9
9 8
10 2
1 1
2 1
3 4
2 9
2 4
2 2
3 2
5 2
2 2
3 2
10 10
14 3
2 3
3 3
4 3
15 2
2 2
3 2
1 4
2 9
2 4
2 2
2 1
20 4
2 8
6 8
8 8
9 8
16 2
1 1
2 1
15 4
1 5
4 5
5 5
6 5
16 2
5 5
6 5
6 2
3 3
3 2
18 2
1 1
2 1
16 3
2 4
4 4
5 4
