10 100 250000
19321 19321 19321 19321 62001 93025 150544 19321 19321 19321 19321 19321 19321 19321 19321 19321 160000 30625 19321 40000 16129 19321 104329 19321 6724 124609 19321 19321 53361 19321 19321 19321 19321 31684 19321 9409 28561 123201 19321 206116 19321 19321 19321 19321 47961 19321 192721 19321 53361 210681 11881 51076 19321 9409 210681 19321 8649 26569 191844 19321 19321 214369 197136 324 51076 203401 19321 81225 19321 19321 99856 19321 19321 211600 124609 72900 175561 150544 3025 1521 19321 19321 1024 19321 19321 245025 104329 19321 191844 19321 8281 58081 19321 19321 19321 19321 2401 19321 19321 676
178929 207025 198916 167281 1156 9801 166464 102400 151321 1600 238144 21904 123201 30625 25600 187489 7921 23409 42436 1764 82369 6084 71289 101761 67600 10000 8100 199809 4356 57121 33124 7225 211600 173889 34596 75076 238144 33856 7921 22801 194481 40804 124609 5625 50625 246016 34596 204304 92416 841 51076 38416 104329 174724 31684 4356 162409 23409 71289 172225 236196 97344 162409 72900 80089 198916 241081 194481 10816 43264 10609 212521 134689 6724 156025 289 238144 2809 155236 111556 184900 59536 34969 151321 142129 17161 88209 42025 4356 120409 400 226576 20164 59049 43264 72361 24964 165649 1296 33489
178929 10000 143641 102400 59049 110224 23716 7396 85849 213444 224676 4 237169 9801 156025 81796 33856 98596 247009 32761 5184 40804 148996 2401 484 1521 2401 159201 6241 164836 152881 130321 243049 22801 87025 37636 43264 24025 9801 62001 21025 58081 116281 68121 484 484 9 156816 169 38416 29929 223729 16641 4900 237169 576 115600 108900 145161 145924 61009 110889 95481 36864 165649 18225 76729 20164 112896 224676 67600 64516 184900 58081 127449 52900 184900 36481 87025 100 5476 119025 208849 47089 4356 53361 98596 154449 51076 34969 187489 74529 26244 441 164836 117649 44100 6241 24649 81225
108900 24336 142129 19881 142129 25921 441 151321 142129 247009 142129 142129 142129 103041 142129 104329 94864 142129 69169 103041 142129 142129 142129 3844 32400 149769 31329 142129 142129 142129 17161 235225 142129 107584 142129 9409 9604 19881 142129 142129 171396 187489 142129 142129 142129 142129 142129 142129 116281 81 184900 142129 142129 143641 142129 142129 142129 191844 142129 188356 142129 142129 142129 142129 32400 99856 22201 3249 158404 173056 142129 142129 61009 146689 142129 142129 65025 155236 107584 171396 5041 142129 142129 841 142129 199809 142129 142129 45796 142129 142129 142129 142129 142129 142129 142129 142129 151321 142129 142129
229441 229441 229441 222784 229441 229441 78961 900 229441 44521 19881 142884 229441 229441 229441 98596 21316 210681 7921 229441 229441 33856 46656 5476 112896 52441 9801 229441 70756 229441 229441 229441 110224 201601 229441 229441 229441 229441 194481 229441 167281 20164 229441 90000 178929 42025 229441 19881 229441 229441 154449 229441 148996 205209 229441 229441 116964 229441 229441 229441 33856 154449 229441 229441 229441 227529 131769 229441 229441 223729 229441 54289 138384 229441 229441 76176 229441 101761 229441 54756 81 229441 174724 229441 200704 229441 2304 229441 168100 229441 229441 48841 229441 229441 229441 229441 5776 229441 97344 229441
52900 20736 70225 22201 66564 196249 40401 27225 195364 140625 29241 94864 17424 1089 225625 213444 103041 33856 100489 79524 100 162409 45796 165649 97969 152881 80656 177241 88804 19321 207936 576 203401 60025 96100 1764 25 116964 90601 21609 197136 3364 14884 21904 48841 12321 64009 250000 25600 198025 22201 194481 158404 143641 41616 21904 2401 105625 100 3364 49284 7921 71289 4225 21025 97969 14161 225625 84681 3600 9409 15129 168921 156816 13456 4761 186624 6724 38025 80656 52441 65025 1681 729 5929 152881 2601 194481 2116 19321 10404 75076 155236 1600 59536 100489 5929 65025 4489 82369
12996 36 133956 104329 22801 38025 175561 11236 52900 69169 97344 96721 76176 5929 116281 1156 46656 128881 4489 119716 34596 47524 236196 141376 197136 47961 61009 35344 4761 53824 2809 1521 25921 176400 85849 188356 91204 28900 361 361 66049 3249 33856 169 76729 76729 204304 199809 164836 8836 219024 231361 1764 237169 33124 100 30276 248004 103041 81796 8649 19600 160000 136900 59049 28900 6084 5041 19600 1089 7569 4624 217156 110889 235225 94249 195364 211600 166464 14400 97344 12769 113569 21316 152881 4489 239121 84100 8464 11881 165649 1444 2500 97344 484 12321 222784 229441 164836 18225
9409 190969 190969 961 190969 190969 190969 190969 190969 190969 190969 190969 56644 52441 190969 190969 190969 190969 105625 190969 5041 190969 30276 210681 49 190969 190969 94864 8836 190969 190969 6889 190969 190969 73984 190969 190969 17956 190969 78961 190969 16900 190969 190969 49729 56644 184041 190969 190969 142129 190969 190969 190969 20736 173889 3136 20736 11449 38809 190969 16900 166464 173056 127449 190969 190969 36100 93025 190969 239121 190969 123201 190969 219024 190969 190969 190969 190969 190969 190969 190969 133225 74529 195364 190969 206116 1849 249001 441 178084 1369 190969 190969 191844 400 201601 190969 11449 190969 12769
67081 42025 165649 42025 232324 91204 39204 98596 42025 42025 42025 195364 97344 42025 42025 90000 42025 42025 42025 42025 42025 400 42025 42025 168100 217156 40000 123201 42025 42025 206116 8464 42025 56644 42025 82944 22500 42025 104976 116281 42025 21609 16129 8464 42025 11664 42025 84100 5625 42025 42025 42025 134689 42025 42025 42025 42025 16 42025 42025 23716 139876 42025 38025 42025 42025 19321 245025 42025 204304 841 42025 59536 63001 42025 91204 42025 42025 9 42025 42025 42025 26244 42025 42025 171396 148996 42025 256 56644 42025 250000 19600 42025 42025 168921 25600 42025 42025 42025
11664 233289 87616 233289 233289 233289 233289 233289 233289 233289 233289 233289 15376 233289 441 676 233289 233289 900 238144 233289 233289 140625 54756 3600 233289 233289 81796 233289 1600 20164 108241 55696 233289 233289 53824 233289 233289 233289 233289 142884 233289 233289 233289 20164 17689 233289 50625 233289 121 233289 13924 47089 85849 233289 233289 225 233289 233289 24336 15376 233289 233289 27889 80089 233289 676 233289 121801 147456 233289 233289 25281 233289 233289 233289 47961 226576 131769 10816 167281 233289 182329 233289 90601 4356 233289 233289 80656 148996 197136 233289 244036 60516 61009 5929 233289 233289 32041 233289
